0.0864113 1.86673e-05 5 -4.99998 0
0.146074 5.33442e-05 4.98195 -4.9819 0
0.22906 0.000131171 4.93174 -4.93161 0
0.312967 0.00024487 4.85559 -4.85535 0
0.403665 0.000407364 4.74584 -4.74543 0
0.451519 0.000509672 4.67345 -4.67294 0
0.507632 0.000644225 4.5716 -4.57096 0
0.589726 0.000869441 4.39775 -4.39689 0
0.642392 0.00103167 4.27029 -4.26926 0
0.71163 0.00126604 4.08178 -4.08051 0
0.776274 0.0015065 3.88622 -3.88471 0
0.850006 0.00180628 3.64085 -3.63905 0
0.907893 0.00206067 3.43071 -3.42865 0
0.974698 0.00237509 3.16798 -3.16561 0
1.06783 0.00285066 2.81109 -2.80824 0
1.1588 0.00335705 2.49 -2.48664 0
1.23295 0.00380038 2.25074 -2.24694 0
1.31198 0.00430324 2.01959 -2.01529 0
1.35648 0.00460008 1.90293 -1.89833 0
1.4289 0.00510435 1.73496 -1.72985 0
1.46588 0.00537195 1.65769 -1.65232 0
1.51645 0.00574901 1.55678 -1.55103 0
1.56068 0.00608929 1.47396 -1.46787 0
1.64493 0.00676446 1.32473 -1.31797 0
1.69033 0.00714301 1.25258 -1.24544 0
1.75039 0.0076596 1.16244 -1.15478 0
1.79418 0.0080476 1.10154 -1.09349 0
1.83671 0.00843363 1.04556 -1.03712 0
1.93264 0.00933763 0.925852 -0.916514 0
1.98174 0.00981805 0.871793 -0.861975 0
2.04851 0.0104908 0.802697 -0.792206 0
2.13486 0.0113938 0.720681 -0.709287 0
2.20762 0.0121837 0.658916 -0.646733 0
2.26138 0.0127843 0.617374 -0.604589 0
2.33563 0.0136375 0.56381 -0.550172 0
2.40309 0.0144366 0.519623 -0.505187 0
2.46871 0.0152357 0.480243 -0.465008 0
2.56307 0.0164226 0.428234 -0.411812 0
2.61662 0.017116 0.402198 -0.385082 0
2.69891 0.0182092 0.364882 -0.346673 0
2.76651 0.0191328 0.337397 -0.318264 0
2.8487 0.0202864 0.306839 -0.286552 0
2.90872 0.02115 0.286858 -0.265708 0
2.99821 0.0224713 0.259352 -0.23688 0
3.05121 0.0232726 0.244937 -0.221665 0
3.10836 0.0241524 0.230464 -0.206311 0
3.19282 0.0254825 0.210668 -0.185185 0
3.28396 0.0269577 0.191679 -0.164721 0
3.32415 0.0276214 0.184322 -0.1567 0
3.41711 0.0291874 0.168225 -0.139037 0
3.48467 0.0303526 0.158004 -0.127651 0
3.52583 0.0310737 0.152358 -0.121285 0
3.57336 0.0319169 0.146216 -0.114299 0
3.64916 0.0332847 0.137081 -0.103796 0
3.73857 0.0349352 0.127477 -0.0925416 0
3.7955 0.0360068 0.122163 -0.0861566 0
3.83535 0.0367666 0.118764 -0.0819975 0
3.87256 0.0374829 0.115786 -0.0783027 0
3.93602 0.0387209 0.111001 -0.0722798 0
3.9758 0.0395072 0.108304 -0.0687967 0
4.0261 0.0405126 0.105117 -0.0646044 0
4.12034 0.0424302 0.0996484 -0.0572181 0
4.21047 0.0443056 0.0952672 -0.0509616 0
4.29753 0.0461554 0.0917349 -0.0455795 0
4.34953 0.0472783 0.0899867 -0.0427084 0
4.41791 0.0487755 0.0879433 -0.0391678 0
4.47642 0.050075 0.0864659 -0.036391 0
4.55804 0.0519159 0.0847037 -0.0327877 0
4.62479 0.0534462 0.0835809 -0.0301347 0
4.70085 0.055217 0.0825714 -0.0273544 0
4.76875 0.0568218 0.0819247 -0.0251029 0
4.80711 0.0577386 0.081677 -0.0239384 0
4.86937 0.0592421 0.0813746 -0.0221325 0
4.96128 0.0614968 0.0811577 -0.0196609 0
5.05312 0.0637918 0.0812579 -0.0174661 0
5.13238 0.0658058 0.0815913 -0.0157856 0
5.18544 0.0671713 0.0819434 -0.0147721 0
5.26575 0.0692648 0.082596 -0.0133312 0
5.34015 0.0712326 0.0833601 -0.0121274 0
5.39739 0.0727653 0.0840525 -0.0112872 0
5.47466 0.0748598 0.0850877 -0.0102279 0
5.52062 0.0761195 0.0857799 -0.00966038 0
5.58303 0.0778467 0.0867769 -0.00893018 0
5.67183 0.0803376 0.0883015 -0.00796394 0
5.75759 0.0827796 0.0899116 -0.00713199 0
5.81341 0.0843887 0.0910396 -0.00665083 0
5.86314 0.0858354 0.0920872 -0.00625184 0
5.95275 0.0884721 0.0940398 -0.00556765 0
6.00977 0.0901706 0.0953547 -0.00518408 0
6.08697 0.0924956 0.0971924 -0.00469686 0
6.18036 0.0953469 0.0995059 -0.00415894 0
6.25167 0.0975532 0.101352 -0.00379848 0
6.32711 0.0999139 0.103363 -0.00344941 0
6.41463 0.102687 0.105766 -0.00307889 0
6.47701 0.104687 0.107534 -0.00284667 0
6.56845 0.107652 0.110178 -0.00252551 0
6.62835 0.109617 0.11196 -0.00234301 0
6.71324 0.112431 0.114529 -0.00209805 0
6.79029 0.115015 0.116915 -0.00190003 0
6.88095 0.118092 0.119778 -0.00168584 0
6.9459 0.120322 0.121875 -0.00155329 0
6.99485 0.122015 0.123478 -0.00146314 0
7.08786 0.125265 0.126557 -0.00129213 0
7.17907 0.128491 0.129635 -0.00114377 0
7.22393 0.130093 0.131177 -0.00108384 0
7.31279 0.133294 0.134257 -0.000962242 0
7.38726 0.136006 0.13688 -0.000873886 0
7.44918 0.138281 0.13909 -0.000808902 0
7.52235 0.140993 0.141729 -0.000735906 0
7.57522 0.142968 0.143659 -0.000690399 0
7.65838 0.146102 0.146719 -0.000617427 0
7.71282 0.148171 0.14875 -0.000578165 0
7.77564 0.150577 0.151111 -0.00053461 0
7.82521 0.152488 0.152992 -0.000504409 0
7.87246 0.15432 0.154798 -0.000477601 0
7.92504 0.156371 0.15682 -0.000448823 0
7.99442 0.159098 0.159509 -0.000410524 0
8.05541 0.161514 0.161895 -0.000380889 0
8.10159 0.163354 0.163716 -0.000361706 0
8.192 0.166986 0.167303 -0.000316931 0
8.23419 0.168694 0.168997 -0.000303055 0
8.27775 0.170466 0.170756 -0.000289318 0
8.34348 0.173157 0.173423 -0.00026631 5
8.42511 0.176526 0.176763 -0.000237017 5
8.52019 0.18049 0.180693 -0.000203341 5
8.61229 0.184368 0.184543 -0.000175136 5
8.68936 0.187643 0.1878 -0.00015683 5
8.74835 0.190169 0.190315 -0.000146556 5
8.82934 0.193662 0.193791 -0.000129418 5
8.88746 0.196186 0.196308 -0.000121335 5
8.94111 0.198531 0.198646 -0.000114938 5
8.99104 0.200724 0.200834 -0.000109784 5
9.06211 0.203865 0.203965 -9.95193e-05 5
9.11278 0.206119 0.206214 -9.51431e-05 5
9.15792 0.208136 0.208228 -9.20347e-05 5
9.23785 0.21173 0.211811 -8.06451e-05 5
9.28138 0.213699 0.213778 -7.85548e-05 5
9.36499 0.217505 0.217572 -6.73462e-05 5
9.41083 0.219605 0.21967 -6.56337e-05 5
9.49154 0.223324 0.223381 -5.66148e-05 5
9.53201 0.2252 0.225256 -5.60905e-05 5
9.62501 0.229537 0.229582 -4.43094e-05 5
9.66417 0.231375 0.231419 -4.44799e-05 5
9.73146 0.234548 0.234588 -4.0664e-05 5
9.77803 0.236755 0.236796 -4.03113e-05 5
9.82844 0.239155 0.239194 -3.9531e-05 5
9.9123 0.243172 0.243204 -3.23185e-05 5
9.99226 0.247029 0.247056 -2.6821e-05 5
10.0677 0.250691 0.250714 -2.28777e-05 5
10.1617 0.255293 0.255308 -1.47467e-05 5
10.2361 0.258958 0.25897 -1.21231e-05 5
10.3177 0.263004 0.263013 -8.29568e-06 5
10.3593 0.265079 0.265089 -9.96385e-06 5
10.4034 0.267285 0.267297 -1.14102e-05 5
10.4706 0.270663 0.270674 -1.03144e-05 5
10.5113 0.272718 0.27273 -1.18956e-05 5
10.5515 0.274753 0.274767 -1.34136e-05 5
10.5997 0.277207 0.277221 -1.43522e-05 5
10.6634 0.280458 0.280472 -1.35398e-05 5
10.7486 0.284832 0.284841 -8.88785e-06 5
10.819 0.288469 0.288476 -7.51733e-06 5
10.9003 0.292694 0.292699 -4.32895e-06 5
10.9395 0.294736 0.294742 -6.1731e-06 5
10.9849 0.297116 0.297124 -7.64452e-06 5
11.0809 0.302169 0.30217 -1.2025e-06 5
11.1292 0.304722 0.304725 -2.76862e-06 5
11.2186 0.309475 0.309474 1.5022e-06 5
11.2621 0.311801 0.311801 -4.18487e-07 5
11.358 0.316947 0.316942 4.98252e-06 5
11.3972 0.319064 0.319061 2.80068e-06 5
11.4855 0.323843 0.323837 6.10986e-06 5
11.5258 0.326038 0.326034 3.92395e-06 5
11.562 0.328015 0.328014 1.79518e-06 5
11.6534 0.333021 0.333015 5.77465e-06 5
11.7251 0.336966 0.33696 5.99195e-06 5
11.7719 0.339554 0.33955 4.06652e-06 5
11.8177 0.342093 0.342091 2.21748e-06 5
11.8772 0.345403 0.345401 1.38415e-06 5
11.968 0.350476 0.350471 5.10991e-06 5
12.0531 0.355263 0.355255 7.3614e-06 5
12.1107 0.35851 0.358504 6.03017e-06 5
12.1798 0.362427 0.362421 5.88718e-06 5
12.2506 0.366452 0.366446 5.93717e-06 5
12.3137 0.370058 0.370052 5.19035e-06 5
12.391 0.374485 0.374479 6.10063e-06 5
12.433 0.3769 0.376895 4.18779e-06 5
12.5008 0.380814 0.38081 4.04085e-06 5
12.5823 0.385531 0.385525 5.59484e-06 5
12.6365 0.388685 0.38868 4.25093e-06 5
12.732 0.39426 0.394252 8.02282e-06 5
12.8027 0.398399 0.398391 7.82025e-06 5
12.8913 0.403616 0.403606 9.91375e-06 5
12.9722 0.408394 0.408384 1.06653e-05 5
13.0459 0.412767 0.412757 1.0515e-05 5
13.0841 0.415035 0.415026 8.55452e-06 5
13.1649 0.419857 0.419848 9.36332e-06 5
13.2509 0.425004 0.424994 1.06951e-05 5
13.3424 0.430504 0.430492 1.25735e-05 5
13.4308 0.435837 0.435823 1.37611e-05 5
13.5167 0.441036 0.441021 1.44593e-05 5
13.6115 0.446795 0.446779 1.6116e-05 5
13.6921 0.451712 0.451696 1.59371e-05 5
13.7823 0.457231 0.457214 1.671e-05 5
13.8773 0.463064 0.463046 1.78653e-05 5
13.9533 0.467745 0.467728 1.70432e-05 5
14.0192 0.471809 0.471794 1.56717e-05 5
14.065 0.474644 0.474631 1.38489e-05 5
14.1508 0.479963 0.479949 1.41181e-05 5
14.2401 0.485516 0.485501 1.46126e-05 5
14.2807 0.488046 0.488033 1.29241e-05 5
14.3557 0.492724 0.492712 1.23677e-05 5
14.4066 0.495905 0.495894 1.09207e-05 5
14.4804 0.500524 0.500513 1.04395e-05 5
14.5301 0.503644 0.503635 9.13449e-06 5
14.6082 0.508547 0.508538 9.03077e-06 5
14.6632 0.512009 0.512001 7.95832e-06 5
14.7189 0.515521 0.515514 6.98967e-06 5
14.7688 0.518669 0.518663 5.98143e-06 5
14.8092 0.521224 0.521219 4.95753e-06 5
14.8832 0.525903 0.525898 4.91638e-06 5
14.9326 0.529032 0.529028 4.08755e-06 5
15.0077 0.533792 0.533788 4.14079e-06 5
15.0744 0.538023 0.53802 3.83151e-06 5
15.1686 0.544019 0.544014 4.86876e-06 5
15.2214 0.547381 0.547376 4.19934e-06 5
15.2902 0.551763 0.551759 3.94148e-06 5
15.3694 0.556813 0.556809 4.02996e-06 5
15.4122 0.559545 0.559542 3.40985e-06 5
15.4765 0.563653 0.56365 3.10143e-06 5
15.548 0.568228 0.568225 2.97291e-06 5
15.6407 0.574159 0.574155 3.41033e-06 5
15.7037 0.578197 0.578194 3.09988e-06 5
15.7599 0.581797 0.581794 2.75892e-06 5
15.8468 0.587365 0.587363 2.8295e-06 5
15.9088 0.591346 0.591344 2.57857e-06 5
15.945 0.593668 0.593666 2.32925e-06 5
16.0017 0.597306 0.597304 2.11531e-06 5
16.0736 0.601921 0.601919 1.95949e-06 5
16.1596 0.60744 0.607438 1.79559e-06 5
16.2097 0.610651 0.61065 1.7021e-06 5
16.2862 0.615563 0.615561 1.50099e-06 5
16.3512 0.619732 0.619731 1.38918e-06 5
16.4161 0.623897 0.623896 1.28938e-06 5
16.4704 0.62738 0.627378 1.31384e-06 5
16.5491 0.632427 0.632426 9.7818e-07 5
16.5961 0.635436 0.635435 1.14753e-06 5
16.6694 0.640132 0.640131 8.92283e-07 5
16.7078 0.642593 0.642592 1.1944e-06 5
16.7687 0.646486 0.646485 1.21725e-06 5
16.8464 0.651458 0.651457 7.41021e-07 5
16.9229 0.65634 0.65634 3.17574e-07 5
16.9971 0.661078 0.661078 -1.3753e-08 5
17.0539 0.6647 0.6647 2.678e-07 5
17.101 0.667698 0.667697 7.63443e-07 5
17.1736 0.672312 0.672312 4.06443e-07 5
17.2472 0.676989 0.676989 -6.8562e-11 5
17.327 0.682052 0.682053 -7.85027e-07 5
17.3827 0.685579 0.68558 -2.96621e-07 5
17.4632 0.690663 0.690664 -1.19942e-06 5
17.5113 0.6937 0.693701 -3.97311e-07 5
17.6026 0.699448 0.69945 -2.41607e-06 5
17.6796 0.704291 0.704294 -3.00733e-06 5
17.7548 0.709004 0.709007 -3.43138e-06 5
17.8063 0.712221 0.712224 -2.42415e-06 5
17.8742 0.716463 0.716465 -2.37001e-06 5
17.9155 0.719033 0.719034 -1.08438e-06 5
17.9671 0.722244 0.722244 -1.43883e-07 5
18.0557 0.727742 0.727745 -2.58407e-06 5
18.1329 0.732513 0.732516 -3.45118e-06 5
18.1745 0.73508 0.735082 -1.92173e-06 5
18.2172 0.737706 0.737707 -4.61096e-07 5
18.2749 0.74125 0.74125 2.43732e-07 5
18.3455 0.745573 0.745573 -2.48599e-07 5
18.4171 0.749942 0.749942 -8.30007e-07 5
18.4931 0.754562 0.754564 -1.94035e-06 5
18.5464 0.757793 0.757794 -7.22565e-07 5
18.629 0.762776 0.762779 -2.92582e-06 5
18.6823 0.765982 0.765984 -1.57004e-06 5
18.738 0.769326 0.769327 -4.56344e-07 5
18.7854 0.772159 0.772157 1.16624e-06 5
18.8805 0.777816 0.77782 -4.10949e-06 5
18.9167 0.779962 0.779964 -1.85539e-06 5
19.0024 0.785017 0.785022 -4.96973e-06 5
19.0582 0.7883 0.788304 -3.48692e-06 5
19.1055 0.791068 0.79107 -1.45368e-06 5
19.1677 0.794694 0.794695 -8.42741e-07 5
19.2612 0.800116 0.800122 -6.34919e-06 5
19.3524 0.805362 0.805373 -1.08142e-05 5
19.4343 0.810044 0.810057 -1.27737e-05 5
19.5122 0.814471 0.814484 -1.38011e-05 5
19.5555 0.816915 0.816926 -1.06605e-05 5
19.6326 0.821251 0.821263 -1.18175e-05 5
19.6917 0.824548 0.824558 -9.91583e-06 5
19.7741 0.829124 0.829137 -1.24877e-05 5
19.8667 0.834219 0.834236 -1.77357e-05 5
19.9577 0.839179 0.839201 -2.21056e-05 5
20.0454 0.843917 0.843943 -2.52117e-05 5
20.0936 0.846503 0.846524 -2.12238e-05 5
20.1772 0.850955 0.850978 -2.34729e-05 5
20.2461 0.854591 0.854613 -2.21204e-05 5
20.2999 0.857412 0.85743 -1.86357e-05 5
20.3902 0.862103 0.862126 -2.35683e-05 5
20.4808 0.866755 0.866784 -2.8243e-05 5
20.5693 0.871246 0.871278 -3.18553e-05 5
20.6351 0.874558 0.874587 -2.92861e-05 5
20.7057 0.878071 0.878099 -2.79056e-05 5
20.7515 0.880331 0.880354 -2.3075e-05 5
20.8039 0.882902 0.882921 -1.90547e-05 5
20.8918 0.887166 0.88719 -2.40443e-05 5
20.9573 0.89031 0.890332 -2.20226e-05 5
21.0212 0.893339 0.893359 -1.97915e-05 5
21.1081 0.897417 0.897441 -2.47322e-05 5
21.1738 0.900462 0.900484 -2.26984e-05 5
21.2273 0.902912 0.902931 -1.85479e-05 5
21.2741 0.905039 0.905053 -1.38608e-05 5
21.3512 0.908501 0.908517 -1.60602e-05 5
21.4308 0.912028 0.912047 -1.90554e-05 5
21.4752 0.913969 0.913983 -1.39528e-05 5
21.5474 0.917092 0.917106 -1.46522e-05 5
21.6129 0.919888 0.919902 -1.33579e-05 5
21.6992 0.923512 0.923532 -1.97356e-05 5
21.7787 0.92679 0.926813 -2.26724e-05 5
21.8254 0.92869 0.928707 -1.72482e-05 5
21.8747 0.930675 0.930687 -1.23987e-05 5
21.9406 0.933292 0.933303 -1.13808e-05 5
21.9839 0.934988 0.934994 -6.10788e-06 5
22.0282 0.936705 0.936707 -1.16629e-06 5
22.0858 0.938912 0.93891 1.25441e-06 5
22.1413 0.941005 0.941001 4.03116e-06 5
22.2332 0.944407 0.944415 -8.26445e-06 5
22.3237 0.947674 0.947692 -1.85965e-05 5
22.397 0.950259 0.950278 -1.97113e-05 5
22.4832 0.953227 0.953254 -2.67661e-05 5
22.5683 0.95608 0.956112 -3.26439e-05 5
22.6341 0.958232 0.958262 -2.99581e-05 5
22.6902 0.96003 0.960055 -2.48866e-05 5
22.7498 0.961905 0.961926 -2.09984e-05 5
22.8254 0.964222 0.964245 -2.30979e-05 5
22.8979 0.966387 0.966411 -2.37511e-05 5
22.9494 0.967889 0.967907 -1.79952e-05 5
22.9945 0.969177 0.969189 -1.15588e-05 5
23.0349 0.970311 0.970316 -4.96388e-06 5
23.0773 0.971483 0.971482 1.15553e-06 5
23.1522 0.973497 0.9735 -2.86374e-06 5
23.21 0.975008 0.975008 1.72742e-07 5
23.2633 0.976365 0.976361 4.25832e-06 5
23.3192 0.977751 0.977744 7.422e-06 5
23.3606 0.978755 0.978741 1.33135e-05 5
23.4223 0.980207 0.980193 1.39872e-05 5
23.5143 0.982289 0.982292 -2.64862e-06 5
23.5853 0.983821 0.983826 -4.68787e-06 5
23.6373 0.984901 0.984901 3.08026e-07 5
23.7128 0.98641 0.986414 -4.39144e-06 5
23.7945 0.987957 0.98797 -1.2391e-05 5
23.8598 0.98913 0.989141 -1.10838e-05 5
23.9052 0.989914 0.989918 -4.20524e-06 5
23.9942 0.991367 0.991385 -1.75944e-05 5
24.0677 0.992487 0.992507 -1.98261e-05 5
24.1348 0.993443 0.993462 -1.87081e-05 5
24.1832 0.994095 0.994107 -1.16735e-05 5
24.2527 0.994973 0.994985 -1.23796e-05 5
24.3143 0.995694 0.995703 -9.51795e-06 5
24.4001 0.996608 0.996629 -2.07167e-05 5
24.4597 0.997181 0.997198 -1.64766e-05 5
24.5104 0.997627 0.997637 -9.78554e-06 5
24.566 0.998074 0.998078 -4.85809e-06 5
24.6457 0.998634 0.998647 -1.25344e-05 5
24.72 0.999071 0.999088 -1.60405e-05 5
24.8151 0.99951 0.999545 -3.51474e-05 5
24.8714 0.999704 0.999733 -2.8567e-05 5
24.9613 0.999914 0.999956 -4.19996e-05 5
25.0054 0.999971 1 -3.22393e-05 5
25.0661 1 1.00003 -2.73254e-05 5
25.1024 0.99999 1.00001 -1.76218e-05 5
25.1854 0.999888 0.999915 -2.70419e-05 5
25.2679 0.999678 0.999714 -3.52149e-05 5
25.3215 0.999483 0.999511 -2.75639e-05 5
25.3644 0.999294 0.999312 -1.80771e-05 5
25.4523 0.998812 0.998844 -3.19196e-05 5
25.5316 0.998269 0.998306 -3.75276e-05 5
25.5705 0.997963 0.99799 -2.69979e-05 5
25.6335 0.997417 0.99744 -2.33322e-05 5
25.7286 0.996465 0.996509 -4.40312e-05 5
25.8071 0.995564 0.995613 -4.8161e-05 5
25.8558 0.994954 0.994992 -3.80995e-05 5
25.9202 0.994082 0.994116 -3.42557e-05 5
26.0081 0.992778 0.992825 -4.72929e-05 5
26.0498 0.992113 0.992149 -3.60562e-05 5
26.0917 0.991412 0.991438 -2.53889e-05 5
26.1507 0.990376 0.990396 -1.99286e-05 5
26.2048 0.989371 0.989384 -1.29297e-05 5
26.2802 0.987883 0.987901 -1.80717e-05 5
26.3648 0.986095 0.986125 -3.02629e-05 5
26.4087 0.985116 0.985136 -1.99095e-05 5
26.4478 0.984215 0.984224 -9.45187e-06 5
26.487 0.983283 0.983283 5.30456e-07 5
26.5504 0.981716 0.981714 1.9566e-06 5
26.6333 0.97956 0.979571 -1.10343e-05 5
26.7108 0.977428 0.977446 -1.82381e-05 5
26.7734 0.975627 0.975642 -1.48554e-05 5
26.8165 0.974342 0.974347 -4.89224e-06 5
26.8879 0.97214 0.972148 -8.05958e-06 5
26.9586 0.969865 0.969875 -1.0506e-05 5
27.0264 0.967595 0.967606 -1.0792e-05 5
27.0981 0.9651 0.965113 -1.3737e-05 5
27.1558 0.96302 0.963028 -8.21427e-06 5
27.2101 0.961007 0.961009 -1.57267e-06 5
27.2994 0.95757 0.957591 -2.14392e-05 5
27.364 0.954989 0.955008 -1.88833e-05 5
27.4102 0.953093 0.953102 -8.9479e-06 5
27.4828 0.950031 0.950044 -1.28126e-05 5
27.5503 0.947089 0.947102 -1.27836e-05 5
27.6235 0.943803 0.94382 -1.67718e-05 5
27.6952 0.940476 0.940496 -1.93943e-05 5
27.7452 0.938098 0.938108 -1.03155e-05 5
27.831 0.933902 0.933928 -2.60805e-05 5
27.8712 0.931886 0.931901 -1.44872e-05 5
27.9132 0.929749 0.929753 -3.6859e-06 5
28.0046 0.924967 0.924994 -2.65207e-05 5
28.0508 0.922489 0.922504 -1.58516e-05 5
28.1157 0.918932 0.918946 -1.38891e-05 5
28.1652 0.916161 0.916166 -4.83053e-06 5
28.2508 0.911255 0.911277 -2.12928e-05 5
28.3043 0.908117 0.90813 -1.31142e-05 5
28.3617 0.90468 0.904687 -7.2036e-06 5
28.4504 0.899241 0.899268 -2.69217e-05 5
28.507 0.895683 0.895702 -1.96698e-05 5
28.5919 0.890228 0.890262 -3.4048e-05 5
28.6675 0.88525 0.885288 -3.83237e-05 5
28.7057 0.882689 0.882715 -2.56461e-05 5
28.7571 0.879192 0.879208 -1.63531e-05 5
28.8398 0.873456 0.873485 -2.8922e-05 5
28.9134 0.868236 0.868268 -3.20739e-05 5
28.9995 0.861979 0.862025 -4.66609e-05 5
29.054 0.857943 0.85798 -3.70969e-05 5
29.1033 0.854241 0.854268 -2.63535e-05 5
29.1512 0.850595 0.850611 -1.5846e-05 5
29.2239 0.844965 0.844985 -1.95307e-05 5
29.2665 0.841619 0.841627 -8.19163e-06 5
29.343 0.835514 0.83553 -1.57361e-05 5
29.4259 0.828757 0.828786 -2.87169e-05 5
29.5051 0.822174 0.82221 -3.67713e-05 5
29.5531 0.818117 0.818143 -2.56783e-05 5
29.6132 0.812975 0.812995 -2.0116e-05 5
29.6681 0.808207 0.80822 -1.24779e-05 5
29.7301 0.802747 0.802756 -8.99422e-06 5
29.78 0.798302 0.798302 -1.16348e-07 5
29.8392 0.792962 0.792958 4.08861e-06 5
29.9071 0.786735 0.786733 2.36632e-06 5
29.9524 0.782534 0.782522 1.19304e-05 5
30.0217 0.776021 0.776012 8.54899e-06 5
30.0586 0.772516 0.772496 1.92427e-05 5
30.1174 0.766867 0.766845 2.2226e-05 5
30.1763 0.761136 0.761111 2.49254e-05 5
30.2307 0.755789 0.755759 2.9801e-05 5
30.3109 0.747781 0.747766 1.51782e-05 5
30.3625 0.742559 0.742537 2.18235e-05 5
30.4375 0.734877 0.734864 1.29621e-05 5
30.5067 0.727692 0.727683 9.6645e-06 5
30.5978 0.718069 0.718083 -1.47232e-05 5
30.675 0.709793 0.709815 -2.20622e-05 5
30.7596 0.700582 0.700617 -3.56579e-05 5
30.8375 0.691975 0.692016 -4.15784e-05 5
30.8922 0.685854 0.685887 -3.26416e-05 5
30.9669 0.677396 0.677432 -3.62109e-05 5
31.0033 0.673241 0.673265 -2.39037e-05 5
31.0713 0.665403 0.665427 -2.32664e-05 5
31.1579 0.655282 0.655321 -3.84563e-05 5
31.231 0.646626 0.646667 -4.01449e-05 5
31.3056 0.637691 0.637733 -4.27457e-05 5
31.3727 0.629555 0.629595 -3.9992e-05 5
31.4327 0.622202 0.622236 -3.36276e-05 5
31.4904 0.615068 0.615094 -2.66868e-05 5
31.5696 0.605184 0.605218 -3.40567e-05 5
31.6537 0.594547 0.594592 -4.50381e-05 5
31.7304 0.584734 0.584783 -4.85527e-05 5
31.7755 0.578902 0.578939 -3.70951e-05 5
31.8135 0.573969 0.573994 -2.54775e-05 5
31.8533 0.568768 0.568782 -1.45789e-05 5
31.9305 0.558607 0.558629 -2.11435e-05 5
31.9777 0.552329 0.552341 -1.18245e-05 5
32.0509 0.542532 0.542548 -1.55241e-05 5
32.1289 0.531974 0.531997 -2.2508e-05 5
32.1989 0.522399 0.522422 -2.3143e-05 5
32.235 0.517436 0.517449 -1.25634e-05 5
32.2714 0.512412 0.512414 -2.50346e-06 5
32.3257 0.50486 0.504857 3.22736e-06 5
32.3774 0.497624 0.497615 9.46234e-06 5
32.4527 0.486999 0.486996 2.53855e-06 5
32.5401 0.474539 0.474553 -1.37321e-05 5
32.587 0.467808 0.467813 -5.39193e-06 5
32.6435 0.459648 0.459648 -5.26021e-07 5
32.7195 0.448577 0.448584 -6.79711e-06 5
32.8083 0.435538 0.43556 -2.2541e-05 5
32.8835 0.424388 0.424414 -2.60487e-05 5
32.9383 0.416206 0.416226 -1.94435e-05 5
33.0274 0.402801 0.402834 -3.34774e-05 5
33.0745 0.395653 0.395678 -2.47064e-05 5
33.12 0.388738 0.388754 -1.61997e-05 5
33.1862 0.378603 0.378618 -1.50036e-05 5
33.2719 0.36538 0.365406 -2.60382e-05 5
33.3485 0.353485 0.353514 -2.95131e-05 5
33.4387 0.339349 0.339391 -4.19589e-05 5
33.4862 0.331868 0.331901 -3.33628e-05 5
33.5458 0.322419 0.322447 -2.83311e-05 5
33.6242 0.309934 0.309967 -3.22412e-05 5
33.7123 0.295795 0.295836 -4.17905e-05 5
33.7812 0.284678 0.284718 -3.95765e-05 5
33.8615 0.271629 0.271672 -4.30502e-05 5
33.9535 0.256594 0.256647 -5.30298e-05 5
34.0035 0.248377 0.248422 -4.49863e-05 5
34.0951 0.233242 0.233296 -5.38284e-05 5
34.1641 0.221762 0.221812 -5.05415e-05 5
34.2561 0.206389 0.206448 -5.82065e-05 5
34.3218 0.195361 0.195414 -5.34552e-05 5
34.391 0.183697 0.183747 -5.01146e-05 5
34.4833 0.168044 0.168101 -5.67999e-05 5
34.5673 0.153736 0.153794 -5.83348e-05 5
34.6521 0.139212 0.139271 -5.97679e-05 5
34.7238 0.126892 0.126948 -5.63859e-05 5
34.7992 0.113877 0.113931 -5.42734e-05 5
34.895 0.0972926 0.0973522 -5.95642e-05 5
34.9871 0.0812578 0.08132 -6.21543e-05 5
35.0426 0.0715745 0.0716303 -5.58546e-05 5
35.131 0.0560876 0.0561444 -5.67361e-05 5
35.2024 0.0435577 0.0436107 -5.3066e-05 5
35.2767 0.0304812 0.0305313 -5.01597e-05 5
35.3582 0.0160829 0.0161317 -4.88042e-05 5
35.4407 0.0014768 0.00152428 -4.7488e-05 5
35.5244 -0.0133713 -0.0133251 -4.62007e-05 5
35.5762 -0.0225715 -0.0225298 -4.16971e-05 5
35.6485 -0.0354332 -0.0353942 -3.89548e-05 5
35.7127 -0.0468829 -0.0468472 -3.57164e-05 5
35.7587 -0.0550945 -0.0550623 -3.22153e-05 5
35.8424 -0.0700528 -0.0700217 -3.11262e-05 5
35.9304 -0.0857777 -0.0857475 -3.01515e-05 5
36.0187 -0.101605 -0.101576 -2.88031e-05 5
36.0946 -0.115201 -0.115175 -2.66746e-05 5
36.1553 -0.126094 -0.126069 -2.45582e-05 5
36.2281 -0.139137 -0.139114 -2.25283e-05 5
36.2999 -0.152019 -0.151999 -2.05876e-05 5
36.3746 -0.165426 -0.165407 -1.86039e-05 5
36.4429 -0.177677 -0.17766 -1.6998e-05 5
36.4878 -0.185727 -0.185711 -1.66496e-05 5
36.5586 -0.198405 -0.19839 -1.49595e-05 5
36.5966 -0.205208 -0.205193 -1.53115e-05 5
36.6746 -0.21918 -0.219167 -1.27839e-05 5
36.7417 -0.231177 -0.231166 -1.16426e-05 5
36.8277 -0.246529 -0.246521 -7.61949e-06 5
36.8946 -0.25846 -0.258453 -6.88644e-06 5
36.9373 -0.266076 -0.266067 -8.62221e-06 5
37.0027 -0.277708 -0.2777 -8.02987e-06 5
37.0693 -0.289538 -0.289531 -7.27789e-06 5
37.1082 -0.296437 -0.296427 -9.78196e-06 5
37.1931 -0.311454 -0.31145 -4.15098e-06 5
37.2522 -0.321884 -0.321879 -5.14396e-06 5
37.3264 -0.334961 -0.334958 -2.60722e-06 5
37.3896 -0.346048 -0.346045 -3.06606e-06 5
37.4342 -0.35387 -0.353863 -6.55479e-06 5
37.495 -0.364496 -0.364489 -7.34344e-06 5
37.5458 -0.373358 -0.373348 -1.0144e-05 5
37.6062 -0.383862 -0.383851 -1.0892e-05 5
37.6433 -0.390288 -0.390273 -1.53386e-05 5
37.7223 -0.403958 -0.403949 -8.92825e-06 5
37.7927 -0.416084 -0.416078 -6.58863e-06 5
37.8775 -0.430614 -0.430616 2.58798e-06 5
37.9485 -0.442715 -0.442719 4.34885e-06 5
38.0113 -0.453377 -0.45338 2.83644e-06 5
38.0759 -0.464303 -0.464305 2.0767e-06 5
38.1716 -0.480383 -0.480403 2.00365e-05 5
38.2112 -0.486988 -0.487 1.20777e-05 5
38.2516 -0.493728 -0.493733 4.4194e-06 5
38.3261 -0.506072 -0.50608 8.44206e-06 5
38.3979 -0.517907 -0.517918 1.07715e-05 5
38.4472 -0.525995 -0.525999 3.92364e-06 5
38.4964 -0.534019 -0.534016 -2.70941e-06 5
38.5703 -0.545988 -0.54599 2.12194e-06 5
38.6617 -0.560689 -0.56071 2.10683e-05 5
38.7419 -0.573484 -0.573512 2.88645e-05 5
38.8057 -0.583568 -0.583593 2.53717e-05 5
38.868 -0.593351 -0.593372 2.13609e-05 5
38.9551 -0.606896 -0.606932 3.62938e-05 5
39.0482 -0.621233 -0.62129 5.68091e-05 5
39.1412 -0.635366 -0.635441 7.56517e-05 5
39.2311 -0.648875 -0.648965 8.98801e-05 5
39.3131 -0.661045 -0.66114 9.50964e-05 5
39.3691 -0.669272 -0.669355 8.24587e-05 5
39.4373 -0.679196 -0.679273 7.73377e-05 5
39.4865 -0.686281 -0.686344 6.31924e-05 5
39.5511 -0.695517 -0.695574 5.72193e-05 5
39.6441 -0.708626 -0.708707 8.08999e-05 5
39.7081 -0.717523 -0.717596 7.30269e-05 5
39.7972 -0.72974 -0.729831 9.10117e-05 5
39.8912 -0.74242 -0.742535 0.000114752 5
39.9382 -0.748675 -0.748771 9.64022e-05 5
40.0017 -0.757025 -0.757112 8.68374e-05 5
40.0845 -0.767754 -0.767851 9.71879e-05 5
40.1665 -0.778189 -0.778295 0.000105882 5
40.2568 -0.789461 -0.789587 0.000125688 5
40.3082 -0.79578 -0.795887 0.00010692 5
40.3899 -0.805652 -0.805768 0.000115349 5
40.4838 -0.816743 -0.816884 0.000141737 5
40.5397 -0.823225 -0.823348 0.000123423 5
40.5998 -0.830089 -0.830198 0.000108915 5
40.6695 -0.837897 -0.838 0.000103751 5
40.7387 -0.845508 -0.845606 9.86881e-05 5
40.812 -0.853396 -0.853495 9.87153e-05 5
40.8595 -0.858407 -0.858486 7.84326e-05 5
40.9242 -0.865115 -0.865186 7.08483e-05 5
40.9818 -0.870971 -0.871029 5.76813e-05 5
41.057 -0.878449 -0.878513 6.43815e-05 5
41.148 -0.88723 -0.887327 9.70607e-05 5
41.1967 -0.891805 -0.891881 7.63483e-05 5
41.2691 -0.898458 -0.898536 7.79521e-05 5
41.357 -0.906284 -0.906388 0.00010473 5
41.3996 -0.909972 -0.910053 8.09397e-05 5
41.458 -0.914923 -0.91499 6.69691e-05 5
41.5059 -0.918891 -0.918938 4.68271e-05 5
41.5807 -0.924909 -0.924964 5.5042e-05 5
41.6523 -0.930467 -0.930525 5.7902e-05 5
41.7289 -0.936198 -0.936266 6.82747e-05 5
41.8006 -0.941361 -0.941432 7.04829e-05 5
41.8402 -0.944118 -0.944164 4.63644e-05 5
41.9098 -0.948824 -0.948872 4.75302e-05 5
41.9796 -0.953346 -0.953395 4.88844e-05 5
42.0302 -0.956498 -0.956528 2.99944e-05 5
42.0673 -0.958747 -0.958753 6.68131e-06 5
42.124 -0.962067 -0.962062 -4.71445e-06 5
42.1605 -0.964139 -0.964112 -2.68438e-05 5
42.2519 -0.969079 -0.969104 2.47102e-05 5
42.324 -0.972728 -0.972759 3.18212e-05 5
42.4063 -0.976621 -0.976678 5.71401e-05 5
42.4955 -0.980517 -0.980612 9.56288e-05 5
42.5875 -0.984173 -0.98431 0.000137037 5
42.6339 -0.985876 -0.985985 0.000109352 5
42.6968 -0.988034 -0.98813 9.66837e-05 5
42.762 -0.990088 -0.990176 8.79664e-05 5
42.8457 -0.992445 -0.992558 0.000112245 5
42.9201 -0.994275 -0.994391 0.000116124 5
43.014 -0.996229 -0.996391 0.000162588 5
43.0593 -0.997027 -0.99716 0.000132196 5
43.1129 -0.99785 -0.997959 0.000108304 5
43.2018 -0.998924 -0.999068 0.000143779 5
43.2598 -0.999427 -0.99955 0.000122838 5
43.3498 -0.999897 -1.00006 0.000159866 5
43.4306 -0.999995 -1.00017 0.000172471 5
43.4952 -0.999852 -1.00001 0.00015676 5
43.5476 -0.999592 -0.999721 0.000129865 5
43.6403 -0.998809 -0.998984 0.000174552 5
43.6837 -0.998303 -0.998444 0.000141862 5
43.7716 -0.996998 -0.997171 0.000173097 5
43.845 -0.995625 -0.995796 0.000170787 5
43.9241 -0.993853 -0.994032 0.000179541 5
44.0156 -0.991426 -0.991642 0.00021625 5
44.0627 -0.990019 -0.990201 0.000182186 5
44.1156 -0.988307 -0.98846 0.000153614 5
44.1616 -0.986707 -0.98683 0.000122565 5
44.2098 -0.984921 -0.985016 9.43815e-05 5
44.2834 -0.981975 -0.982075 9.96196e-05 5
44.3299 -0.979973 -0.980045 7.17708e-05 5
44.3735 -0.978002 -0.978046 4.39632e-05 5
44.4232 -0.975643 -0.975664 2.13416e-05 5
44.516 -0.970909 -0.970989 8.02561e-05 5
44.5528 -0.968912 -0.968962 5.01822e-05 5
44.5985 -0.966345 -0.966369 2.44897e-05 5
44.6417 -0.963821 -0.96382 -1.09695e-06 5
44.7054 -0.95993 -0.959925 -4.61169e-06 5
44.7803 -0.955099 -0.955111 1.22867e-05 5
44.8712 -0.948864 -0.948931 6.68223e-05 5
44.9133 -0.945842 -0.94588 3.85796e-05 5
44.9861 -0.9404 -0.940447 4.74797e-05 5
45.0264 -0.937282 -0.937302 1.96349e-05 5
45.086 -0.932516 -0.932525 8.86268e-06 5
45.1518 -0.927054 -0.927062 7.80978e-06 5
45.214 -0.921695 -0.921696 1.41482e-06 5
45.2676 -0.916924 -0.91691 -1.49664e-05 5
45.3182 -0.912287 -0.912254 -3.30647e-05 5
45.409 -0.903665 -0.903691 2.53534e-05 5
45.4789 -0.896743 -0.896773 2.99576e-05 5
45.5264 -0.891914 -0.891921 6.88558e-06 5
45.5644 -0.887959 -0.88794 -1.91583e-05 5
45.6264 -0.881379 -0.881355 -2.38325e-05 5
45.7112 -0.872063 -0.87208 1.70433e-05 5
45.7924 -0.862822 -0.862867 4.49064e-05 5
45.8498 -0.856102 -0.856132 3.00073e-05 5
45.9457 -0.844525 -0.844619 9.44043e-05 5
45.9838 -0.839798 -0.839863 6.50051e-05 5
46.0512 -0.831277 -0.831338 6.19289e-05 5
46.0993 -0.825072 -0.82511 3.81868e-05 5
46.175 -0.815078 -0.81513 5.17564e-05 5
46.253 -0.804506 -0.804575 6.84272e-05 5
46.3086 -0.79679 -0.796841 5.06254e-05 5
46.398 -0.784106 -0.784198 9.26214e-05 5
46.4728 -0.773209 -0.773308 9.90599e-05 5
46.5293 -0.764814 -0.764894 8.02689e-05 5
46.5683 -0.758933 -0.758986 5.30871e-05 5
46.6503 -0.746351 -0.746428 7.67591e-05 5
46.7345 -0.733125 -0.733227 0.00010236 5
46.8124 -0.72061 -0.720723 0.000112729 5
46.8893 -0.708001 -0.708122 0.000120118 5
46.9796 -0.692887 -0.69304 0.000153047 5
47.0343 -0.683546 -0.683676 0.000130111 5
47.1155 -0.669481 -0.669624 0.000142576 5
47.1694 -0.659994 -0.660114 0.000120015 5
47.2539 -0.644867 -0.645006 0.000139174 5
47.3013 -0.636273 -0.636387 0.000113733 5
47.3727 -0.623133 -0.623245 0.000111514 5
47.412 -0.61584 -0.615926 8.595e-05 5
47.454 -0.607946 -0.608008 6.23193e-05 5
47.4995 -0.599347 -0.599388 4.11911e-05 5
47.5501 -0.589669 -0.589693 2.40948e-05 5
47.5943 -0.581151 -0.581156 4.94456e-06 5
47.6656 -0.567241 -0.567252 1.14925e-05 5
47.7051 -0.559463 -0.559455 -7.91043e-06 5
47.7945 -0.541651 -0.541681 3.00156e-05 5
47.8872 -0.522873 -0.522943 6.95557e-05 5
47.9266 -0.514813 -0.514862 4.84692e-05 5
48.0181 -0.495873 -0.495955 8.19927e-05 5
48.0822 -0.482432 -0.482506 7.36835e-05 5
48.1337 -0.471562 -0.471619 5.71503e-05 5
48.2049 -0.456367 -0.456425 5.80235e-05 5
48.251 -0.446441 -0.446482 4.07761e-05 5
48.3221 -0.431021 -0.431064 4.26658e-05 5
48.3867 -0.41688 -0.416918 3.79889e-05 5
48.4716 -0.398099 -0.398156 5.68877e-05 5
48.5632 -0.377627 -0.377709 8.25902e-05 5
48.6308 -0.362369 -0.362446 7.72415e-05 5
48.7017 -0.346228 -0.346303 7.50687e-05 5
48.7815 -0.327927 -0.328008 8.13256e-05 5
48.831 -0.316488 -0.316555 6.6752e-05 5
48.8828 -0.304448 -0.304502 5.40792e-05 5
48.9568 -0.287155 -0.287211 5.58568e-05 5
49.0251 -0.271092 -0.271145 5.29077e-05 5
49.0621 -0.262348 -0.262387 3.94575e-05 5
49.154 -0.24051 -0.240569 5.87461e-05 5
49.2109 -0.226916 -0.226966 4.9803e-05 5
49.2592 -0.21531 -0.215349 3.91662e-05 5
49.3266 -0.199069 -0.199106 3.67608e-05 5
49.3866 -0.184523 -0.184554 3.11553e-05 5
49.4411 -0.17129 -0.171314 2.41888e-05 5
49.5179 -0.152542 -0.15257 2.8035e-05 5
49.5926 -0.134223 -0.134253 2.99242e-05 5
49.6552 -0.118815 -0.118842 2.6315e-05 5
49.7073 -0.105945 -0.105966 2.04226e-05 5
49.7855 -0.0865874 -0.086611 2.36338e-05 5
49.8415 -0.0726906 -0.0727099 1.92992e-05 5
49.8903 -0.0605326 -0.0605471 1.4423e-05 5
49.9719 -0.0401988 -0.0402169 1.80731e-05 5
50.0234 -0.0273352 -0.0273495 1.43674e-05 5
50.1004 -0.00806104 -0.0080766 1.55562e-05 5
50.1374 0.00120351 0.00119131 1.21943e-05 5
50.2241 0.0229567 0.0229421 1.46109e-05 5
50.3112 0.0448464 0.0448309 1.5588e-05 5
50.3833 0.0629564 0.0629418 1.4535e-05 5
50.4386 0.0768579 0.0768444 1.34607e-05 5
50.5146 0.0959865 0.0959745 1.19602e-05 5
50.5822 0.112981 0.11297 1.08778e-05 5
50.6691 0.134802 0.134796 6.9189e-06 5
50.7201 0.147603 0.147595 8.15297e-06 5
50.7715 0.160482 0.160473 9.59962e-06 5
50.8119 0.170599 0.170587 1.22337e-05 5
50.8788 0.187323 0.187312 1.10451e-05 5
50.9682 0.20963 0.209628 1.39393e-06 5
51.0408 0.227717 0.227718 -1.03959e-06 5
51.1087 0.244557 0.244558 -1.63163e-06 5
51.194 0.265645 0.265657 -1.13169e-05 5
51.2875 0.288671 0.288698 -2.74205e-05 5
51.3677 0.308315 0.308349 -3.3321e-05 5
51.4244 0.322128 0.322155 -2.67145e-05 5
51.482 0.33612 0.336141 -2.06682e-05 5
51.5206 0.345473 0.345483 -1.00963e-05 5
51.558 0.354509 0.354508 4.3121e-07 5
51.5943 0.363247 0.363237 1.09112e-05 5
51.6596 0.378884 0.378874 1.05542e-05 5
51.7131 0.39166 0.391643 1.69741e-05 5
51.7916 0.410267 0.410263 4.36179e-06 5
51.8768 0.430305 0.430321 -1.55914e-05 5
51.9433 0.445808 0.445823 -1.4708e-05 5
52.0073 0.460645 0.460656 -1.19192e-05 5
52.048 0.470015 0.470012 2.74025e-06 5
52.0955 0.480885 0.48087 1.49351e-05 5
52.1605 0.495674 0.495659 1.46831e-05 5
52.2519 0.516253 0.516275 -2.20988e-05 5
52.2905 0.524867 0.524871 -4.3769e-06 5
52.3316 0.533979 0.533967 1.23465e-05 5
52.3823 0.545151 0.545127 2.43925e-05 5
52.4609 0.562323 0.562318 5.08747e-06 5
52.5336 0.577994 0.577998 -3.93331e-06 5
52.5752 0.586874 0.586859 1.47523e-05 5
52.6689 0.606654 0.606689 -3.54594e-05 5
52.7569 0.624937 0.625007 -6.94949e-05 5
52.8029 0.634361 0.634408 -4.71097e-05 5
52.8675 0.647451 0.647493 -4.15097e-05 5
52.9489 0.663718 0.663782 -6.39663e-05 5
53.0315 0.679937 0.680025 -8.75553e-05 5
53.068 0.686989 0.687049 -5.9614e-05 5
53.1387 0.700511 0.700573 -6.20883e-05 5
53.2189 0.715567 0.715649 -8.26005e-05 5
53.2995 0.730398 0.730501 -0.000102797 5
53.3908 0.746823 0.746971 -0.000148493 5
53.4326 0.754197 0.754312 -0.000115445 5
53.5159 0.768627 0.768767 -0.000140665 5
53.6087 0.784284 0.784474 -0.000190262 5
53.6508 0.791235 0.791389 -0.00015349 5
53.7033 0.799772 0.799896 -0.000124414 5
53.7536 0.80782 0.807915 -9.50661e-05 5
53.8382 0.82102 0.821149 -0.000129445 5
53.8799 0.827379 0.827473 -9.39442e-05 5
53.9607 0.839417 0.839537 -0.000119395 5
54.0133 0.847054 0.847145 -9.1044e-05 5
54.0597 0.85365 0.853709 -5.88019e-05 5
54.152 0.866383 0.866509 -0.000125505 5
54.2337 0.877219 0.877371 -0.000152494 5
54.2755 0.882606 0.882719 -0.00011312 5
54.3703 0.894425 0.894612 -0.000186839 5
54.457 0.904727 0.904952 -0.000225138 5
54.5135 0.911175 0.911367 -0.000192146 5
54.5911 0.919686 0.91989 -0.000203729 5
54.6545 0.926346 0.926528 -0.000182529 5
54.7165 0.932604 0.932765 -0.000160519 5
54.7918 0.93984 0.94001 -0.000169703 5
54.8472 0.944922 0.94506 -0.000138021 5
54.9192 0.951207 0.951348 -0.000141152 5
54.963 0.95485 0.95495 -9.93551e-05 5
55.0039 0.958128 0.958186 -5.79829e-05 5
55.0626 0.962627 0.962665 -3.85144e-05 5
55.1068 0.965854 0.965855 -1.79516e-06 5
55.1824 0.971043 0.971071 -2.79056e-05 5
55.2253 0.973802 0.973792 9.76505e-06 5
55.3141 0.979091 0.979157 -6.592e-05 5
55.3851 0.982896 0.982969 -7.32811e-05 5
55.4337 0.985289 0.985326 -3.74116e-05 5
55.5098 0.988676 0.988739 -6.28579e-05 5
55.5775 0.991324 0.991386 -6.21422e-05 5
55.6323 0.99321 0.993244 -3.45456e-05 5
55.7249 0.995878 0.996003 -0.000124988 5
55.807 0.997693 0.997857 -0.000163513 5
55.8503 0.998441 0.998558 -0.000116837 5
55.8886 0.998981 0.999051 -7.01614e-05 5
55.9555 0.999651 0.999717 -6.68104e-05 5
56.0155 0.999953 1 -4.77703e-05 5
56.0641 0.999992 1 -1.18516e-05 5
56.1273 0.999764 0.999768 -3.8772e-06 5
56.1729 0.999405 0.999372 3.3063e-05 5
56.2274 0.998759 0.998703 5.56893e-05 5
56.2894 0.997738 0.997677 6.12789e-05 5
56.3258 0.996999 0.996897 0.000101406 5
56.4007 0.99514 0.995075 6.53758e-05 5
56.4443 0.993855 0.993754 0.000100865 5
56.508 0.991702 0.991603 9.88773e-05 5
56.5491 0.990144 0.990009 0.000134848 5
56.6319 0.98659 0.986525 6.56805e-05 5
56.7151 0.982471 0.982469 2.04186e-06 5
56.7921 0.978159 0.978191 -3.2281e-05 5
56.8828 0.972482 0.9726 -0.000117804 5
56.9708 0.96634 0.966523 -0.000182579 5
57.0105 0.963363 0.963495 -0.000132242 5
57.0494 0.960335 0.960419 -8.40595e-05 5
57.117 0.954774 0.954855 -8.15316e-05 5
57.1636 0.950728 0.950769 -4.11334e-05 5
57.2553 0.942273 0.942402 -0.000129569 5
57.2979 0.93812 0.938204 -8.36086e-05 5
57.3572 0.932101 0.932163 -6.19548e-05 5
57.4289 0.924444 0.924517 -7.27729e-05 5
57.5032 0.916093 0.916183 -9.02483e-05 5
57.5812 0.906862 0.90698 -0.000118034 5
57.6496 0.898387 0.898502 -0.000114477 5
57.71 0.890601 0.890694 -9.31432e-05 5
57.7954 0.879124 0.87927 -0.000146297 5
57.866 0.869203 0.869349 -0.000146188 5
57.9573 0.85583 0.856047 -0.000216363 5
58.0066 0.84835 0.848522 -0.00017293 5
58.09 0.835294 0.835503 -0.000208649 5
58.1484 0.825835 0.826013 -0.000177807 5
58.2073 0.81605 0.8162 -0.000150039 5
58.2492 0.808948 0.809054 -0.000106234 5
58.3337 0.794229 0.79438 -0.000150767 5
58.3929 0.783607 0.783733 -0.000125901 5
58.4737 0.768717 0.768873 -0.000155125 5
58.5658 0.751214 0.751434 -0.000219626 5
58.6527 0.734152 0.73441 -0.00025755 5
58.7386 0.716806 0.717093 -0.000286952 5
58.8175 0.700454 0.700746 -0.000292298 5
58.8916 0.684723 0.685008 -0.000285109 5
58.9586 0.670211 0.670475 -0.000263986 5
59.0321 0.653969 0.654226 -0.000257291 5
59.0982 0.639067 0.639304 -0.000236949 5
59.1689 0.622844 0.62307 -0.000226479 5
59.2452 0.605013 0.605241 -0.000228185 5
59.283 0.596064 0.596252 -0.000187647 5
59.3644 0.576516 0.57672 -0.0002038 5
59.4363 0.558917 0.559115 -0.000197646 5
59.4807 0.547938 0.5481 -0.000161671 5
59.5253 0.536781 0.536909 -0.000128169 5
59.5731 0.524731 0.524829 -9.85268e-05 5
59.6557 0.503604 0.503726 -0.000122913 5
59.7424 0.48109 0.481243 -0.000153021 5
59.8225 0.45996 0.460124 -0.00016433 5
59.8695 0.447416 0.447551 -0.000134996 5
59.9455 0.426942 0.427081 -0.000139101 5
60.0003 0.412031 0.412148 -0.000116966 5
60.0427 0.400421 0.400512 -9.05196e-05 5
60.132 0.375694 0.375816 -0.000121799 5
60.1741 0.36392 0.364017 -9.6601e-05 5
60.2389 0.345687 0.345774 -8.7578e-05 5
60.2911 0.33088 0.330949 -6.94059e-05 5
60.3391 0.31719 0.317241 -5.07343e-05 5
60.3923 0.301903 0.301939 -3.63914e-05 5
60.4678 0.28009 0.280135 -4.41667e-05 5
60.5606 0.253023 0.253098 -7.53661e-05 5
60.6099 0.238543 0.238602 -5.97346e-05 5
60.6764 0.218939 0.218994 -5.52786e-05 5
60.7591 0.194372 0.194439 -6.61275e-05 5
60.8512 0.166809 0.166893 -8.46022e-05 5
60.8958 0.153431 0.153502 -7.07743e-05 5
60.9495 0.137255 0.137315 -6.01907e-05 5
61.0191 0.116185 0.116243 -5.72064e-05 5
61.0938 0.0935157 0.0935724 -5.67161e-05 5
61.1822 0.0665788 0.0666415 -6.27805e-05 5
61.2322 0.0513126 0.0513676 -5.49231e-05 5
61.3086 0.0279141 0.0279673 -5.32056e-05 5
61.3824 0.00529299 0.00534324 -5.02469e-05 5
61.4683 -0.021104 -0.0210555 -4.84689e-05 5
61.5531 -0.0471624 -0.0471176 -4.47124e-05 5
61.6355 -0.0724925 -0.0724528 -3.96203e-05 5
61.6732 -0.0840808 -0.0840414 -3.93671e-05 5
61.7446 -0.106018 -0.105983 -3.51121e-05 5
61.8177 -0.128429 -0.128399 -3.03242e-05 5
61.8995 -0.153484 -0.153462 -2.16281e-05 5
61.982 -0.178669 -0.178657 -1.18293e-05 5
62.035 -0.194829 -0.194813 -1.56821e-05 5
62.0756 -0.207171 -0.207148 -2.25991e-05 5
62.1644 -0.234071 -0.234068 -3.33468e-06 5
62.2108 -0.248062 -0.248051 -1.17451e-05 5
62.2575 -0.262125 -0.262105 -2.02157e-05 5
62.3151 -0.279389 -0.279365 -2.40913e-05 5
62.3777 -0.298067 -0.298042 -2.47899e-05 5
62.4364 -0.315506 -0.315478 -2.84705e-05 5
62.5113 -0.337605 -0.337588 -1.68013e-05 5
62.5533 -0.349949 -0.349918 -3.07349e-05 5
62.6089 -0.366176 -0.366138 -3.76035e-05 5
62.697 -0.391734 -0.391732 -1.54816e-06 5
62.7695 -0.412541 -0.412548 6.84135e-06 5
62.8117 -0.424588 -0.424576 -1.21557e-05 5
62.8961 -0.448436 -0.448455 1.91521e-05 5
62.9771 -0.471066 -0.471108 4.23549e-05 5
63.037 -0.487634 -0.487665 3.1354e-05 5
63.095 -0.503521 -0.50354 1.86486e-05 5
63.1547 -0.519698 -0.519707 8.39934e-06 5
63.207 -0.53375 -0.533741 -9.55263e-06 5
63.279 -0.552858 -0.55286 2.13012e-06 5
63.3191 -0.563387 -0.563362 -2.50837e-05 5
63.4092 -0.586737 -0.586773 3.6085e-05 5
63.4711 -0.60253 -0.602557 2.63036e-05 5
63.56 -0.624813 -0.624896 8.25788e-05 5
63.6364 -0.643618 -0.643717 9.92077e-05 5
63.7001 -0.65899 -0.659076 8.68578e-05 5
63.7644 -0.674261 -0.674338 7.65719e-05 5
63.8179 -0.686775 -0.686824 4.96214e-05 5
63.8674 -0.698166 -0.698185 1.91142e-05 5
63.9182 -0.709684 -0.709676 -8.60985e-06 5
63.9888 -0.725408 -0.725411 3.52804e-06 5
64.0428 -0.737211 -0.737191 -1.98768e-05 5
64.0864 -0.746568 -0.746513 -5.45743e-05 5
64.1674 -0.763586 -0.763582 -4.03732e-06 5
64.2322 -0.776853 -0.776846 -6.67007e-06 5
64.2973 -0.789864 -0.789856 -8.2995e-06 5
64.3449 -0.79915 -0.799107 -4.26855e-05 5
64.4324 -0.81577 -0.815808 3.8103e-05 5
64.4764 -0.82389 -0.823886 -3.91628e-06 5
64.53 -0.833562 -0.83353 -3.14947e-05 5
64.5771 -0.841859 -0.841792 -6.74986e-05 5
64.6132 -0.848106 -0.847995 -0.000110838 5
64.7033 -0.863169 -0.863164 -4.5502e-06 5
64.7566 -0.871754 -0.871719 -3.42172e-05 5
64.8411 -0.884841 -0.884881 3.96948e-05 5
64.9162 -0.895918 -0.895985 6.71178e-05 5
64.9934 -0.90678 -0.906881 0.00010129 5
65.0399 -0.913052 -0.913105 5.28321e-05 5
65.0786 -0.918112 -0.918112 7.77385e-08 5
65.1722 -0.929761 -0.929885 0.000124202 5
65.2547 -0.939328 -0.939506 0.000178315 5
65.2975 -0.944025 -0.944145 0.000119959 5
65.3852 -0.953086 -0.953288 0.000202033 5
65.4336 -0.957761 -0.957908 0.00014724 5
65.5293 -0.966295 -0.96657 0.000274617 5
65.5974 -0.971806 -0.972066 0.000259538 5
65.6735 -0.977389 -0.977665 0.000275448 5
65.7374 -0.981616 -0.981863 0.000247224 5
65.8232 -0.986606 -0.986917 0.000310808 5
65.9127 -0.990986 -0.991376 0.000389403 5
65.9914 -0.994129 -0.994535 0.000406001 5
66.0517 -0.996087 -0.996444 0.000357796 5
66.0993 -0.997353 -0.997643 0.000289649 5
66.1856 -0.999022 -0.999376 0.000354664 5
66.2309 -0.999572 -0.999856 0.000283872 5
66.3073 -0.999992 -1.00029 0.000301265 5
66.3627 -0.999895 -1.00014 0.000248775 5
66.4196 -0.999445 -0.999648 0.000202894 5
66.4875 -0.998438 -0.998631 0.00019351 5
66.551 -0.997037 -0.997206 0.00016962 5
66.6254 -0.994825 -0.995014 0.000189064 5
66.7044 -0.991804 -0.992032 0.000228056 5
66.768 -0.988869 -0.989071 0.000202019 5
66.8365 -0.985208 -0.985402 0.000194626 5
66.8728 -0.983053 -0.983179 0.000126328 5
66.925 -0.979707 -0.979786 7.82956e-05 5
66.9725 -0.976397 -0.976422 2.51916e-05 5
67.0501 -0.970452 -0.970524 7.25199e-05 5
67.1127 -0.965168 -0.965223 5.54475e-05 5
67.1629 -0.960624 -0.960632 8.50229e-06 5
67.2381 -0.953299 -0.953344 4.55153e-05 5
67.2872 -0.948176 -0.948174 -2.32854e-06 5
67.3442 -0.941911 -0.941881 -3.01292e-05 5
67.411 -0.934108 -0.934083 -2.45755e-05 5
67.4726 -0.926493 -0.926456 -3.7358e-05 5
67.5292 -0.919134 -0.919071 -6.32085e-05 5
67.5683 -0.913862 -0.913746 -0.000116209 5
67.6099 -0.908055 -0.907891 -0.000164048 5
67.6945 -0.895705 -0.89564 -6.46233e-05 5
67.7832 -0.881938 -0.881985 4.74307e-05 5
67.8784 -0.866262 -0.866447 0.000184962 5
67.9457 -0.854624 -0.854798 0.000174238 5
67.9988 -0.845123 -0.845251 0.000128495 5
68.0456 -0.836506 -0.836582 7.64108e-05 5
68.1031 -0.825611 -0.825658 4.70579e-05 5
68.1655 -0.813443 -0.813475 3.23471e-05 5
68.2527 -0.795783 -0.795901 0.000118189 5
68.3297 -0.779591 -0.779738 0.000147222 5
68.4128 -0.761471 -0.76167 0.000198837 5
68.472 -0.748189 -0.748355 0.000166123 5
68.5164 -0.738009 -0.738123 0.000113964 5
68.578 -0.723601 -0.723694 9.3379e-05 5
68.6202 -0.713534 -0.713578 4.45894e-05 5
68.6923 -0.695995 -0.696054 5.94306e-05 5
68.7863 -0.672422 -0.672586 0.000163928 5
68.8289 -0.661514 -0.661628 0.000114432 5
68.917 -0.638449 -0.63863 0.000180954 5
68.9626 -0.626284 -0.626418 0.000134362 5
69.0467 -0.603387 -0.603566 0.000179412 5
69.1015 -0.588189 -0.588334 0.000144559 5
69.1613 -0.571365 -0.571486 0.000120447 5
69.2246 -0.553245 -0.55335 0.000105215 5
69.2925 -0.533495 -0.533596 0.0001011 5
69.3733 -0.509627 -0.509758 0.000130756 5
69.4675 -0.481226 -0.481427 0.00020061 5
69.561 -0.452482 -0.452738 0.000255874 5
69.6023 -0.439618 -0.439832 0.000213519 5
69.6395 -0.427941 -0.428115 0.000173623 5
69.6787 -0.415567 -0.415703 0.000136409 5
69.7686 -0.38687 -0.387048 0.000178501 5
69.8585 -0.357723 -0.357936 0.000212678 5
69.8969 -0.345168 -0.345346 0.000177879 5
69.9581 -0.325025 -0.325183 0.000157987 5
70.0051 -0.30942 -0.309549 0.000129786 5
70.0543 -0.292996 -0.293101 0.000105033 5
70.137 -0.265163 -0.265284 0.000121274 5
70.2104 -0.240257 -0.240377 0.000120098 5
70.2508 -0.226456 -0.226553 9.71477e-05 5
70.3145 -0.204601 -0.204688 8.73647e-05 5
70.375 -0.183714 -0.18379 7.62544e-05 5
70.4386 -0.161663 -0.161731 6.84006e-05 5
70.5107 -0.136538 -0.136605 6.7496e-05 5
70.5969 -0.106379 -0.106457 7.75734e-05 5
70.6667 -0.081839 -0.0819121 7.31672e-05 5
70.7148 -0.0648719 -0.064935 6.30763e-05 5
70.799 -0.0351239 -0.0351889 6.49888e-05 5
70.8753 -0.00808764 -0.0081495 6.18588e-05 5
70.9156 0.00619034 0.0061338 5.65399e-05 5
71.0094 0.0394449 0.0393924 5.25088e-05 5
71.0739 0.0623291 0.0622806 4.84959e-05 5
71.1329 0.0832736 0.0832276 4.59988e-05 5
71.1904 0.103641 0.103596 4.46069e-05 5
71.2823 0.136119 0.136092 2.71142e-05 5
71.3733 0.168198 0.16819 7.36339e-06 5
71.4155 0.183026 0.18301 1.60976e-05 5
71.5056 0.214558 0.214567 -8.18881e-06 5
71.5941 0.245382 0.245414 -3.21526e-05 5
71.6416 0.261837 0.261855 -1.78568e-05 5
71.7329 0.293269 0.293321 -5.18518e-05 5
71.8246 0.324575 0.324663 -8.77798e-05 5
71.866 0.338598 0.338662 -6.36328e-05 5
71.9512 0.367277 0.367368 -9.09606e-05 5
72.0453 0.398569 0.39871 -0.000140483 5
72.1119 0.420442 0.420572 -0.000130017 5
72.1482 0.432279 0.432375 -9.64549e-05 5
72.1954 0.447605 0.447672 -6.72922e-05 5
72.2487 0.46471 0.464755 -4.40487e-05 5
72.3223 0.488114 0.48817 -5.65343e-05 5
72.374 0.504354 0.504385 -3.03894e-05 5
72.455 0.529434 0.5295 -6.59598e-05 5
72.4932 0.541123 0.54115 -2.74656e-05 5
72.5725 0.565084 0.565145 -6.12224e-05 5
72.6295 0.582041 0.58208 -3.85707e-05 5
72.7178 0.607834 0.607942 -0.000108222 5
72.7709 0.623059 0.623133 -7.45465e-05 5
72.8401 0.642552 0.642629 -7.70967e-05 5
72.9166 0.663664 0.663767 -0.000103462 5
73.0101 0.688779 0.688981 -0.000202855 5
73.0835 0.707975 0.708185 -0.000209388 5
73.1578 0.726888 0.727107 -0.000219027 5
73.2197 0.742274 0.742465 -0.000190666 5
73.2563 0.751168 0.751298 -0.000129799 5
73.352 0.77387 0.774126 -0.000256428 5
73.4098 0.787131 0.787346 -0.000214253 5
73.5014 0.807416 0.807729 -0.000312869 5
73.5433 0.816419 0.816662 -0.000242834 5
73.5952 0.82729 0.827477 -0.000187708 5
73.6793 0.844278 0.844531 -0.000252711 5
73.7327 0.854672 0.854871 -0.000198417 5
73.7799 0.863572 0.863708 -0.000136116 5
73.8597 0.878044 0.878231 -0.000186971 5
73.9185 0.888239 0.888388 -0.000148672 5
73.9549 0.894343 0.894421 -7.74783e-05 5
74.0328 0.906862 0.906988 -0.000126334 5
74.1222 0.920312 0.920554 -0.000241619 5
74.1589 0.925549 0.925713 -0.000163504 5
74.2481 0.937568 0.937845 -0.000276688 5
74.2947 0.943446 0.94365 -0.000203056 5
74.369 0.952246 0.952471 -0.00022498 5
74.4139 0.957212 0.957363 -0.00015072 5
74.5054 0.966515 0.966803 -0.000288288 5
74.582 0.973441 0.973757 -0.000315486 5
74.6702 0.980447 0.980861 -0.000414033 5
74.7227 0.984121 0.98446 -0.000339503 5
74.7916 0.988363 0.988688 -0.000324684 5
74.8369 0.990799 0.991041 -0.000242196 5
74.9226 0.994632 0.994966 -0.000334209 5
74.972 0.996376 0.996633 -0.00025697 5
75.0148 0.997612 0.997786 -0.000174137 5
75.078 0.998969 0.999117 -0.000148219 5
75.1656 0.999922 1.00019 -0.000266162 5
75.2343 0.999911 1.00017 -0.000257338 5
75.298 0.999304 0.999531 -0.000226984 5
75.3854 0.997534 0.99787 -0.000335794 5
75.476 0.994555 0.995012 -0.000457089 5
75.5352 0.991978 0.992374 -0.00039568 5
75.6286 0.986901 0.987434 -0.000532354 5
75.675 0.983915 0.984353 -0.000437998 5
75.7223 0.980562 0.980912 -0.000350211 5
75.7731 0.976603 0.976877 -0.000274147 5
75.8307 0.971675 0.971896 -0.000220931 5
75.9218 0.962935 0.963291 -0.000356667 5
75.9954 0.955012 0.955376 -0.000364288 5
76.0535 0.948238 0.948545 -0.000306534 5
76.1264 0.939063 0.939378 -0.000314338 5
76.1934 0.929983 0.930276 -0.00029359 5
76.2522 0.921523 0.921766 -0.000243614 5
76.3183 0.911439 0.911663 -0.000224584 5
76.3959 0.898843 0.899107 -0.000263985 5
76.433 0.892544 0.892725 -0.000180989 5
76.508 0.879247 0.879456 -0.000208986 5
76.5812 0.865564 0.865788 -0.000224548 5
76.6588 0.850291 0.850552 -0.000261278 5
76.726 0.836447 0.836692 -0.000245122 5
76.8157 0.81708 0.81743 -0.000350902 5
76.8662 0.805744 0.806025 -0.000281527 5
76.9427 0.787971 0.788275 -0.000303942 5
77.0222 0.768779 0.769117 -0.000337765 5
77.086 0.752813 0.753117 -0.000303718 5
77.1693 0.731285 0.73164 -0.000354758 5
77.2159 0.7189 0.719185 -0.000284565 5
77.2714 0.703833 0.704067 -0.000233636 5
77.3275 0.688283 0.688471 -0.00018788 5
77.4017 0.667159 0.667362 -0.000203144 5
77.4487 0.653519 0.653665 -0.000145865 5
77.4993 0.638555 0.638653 -9.78941e-05 5
77.5367 0.62731 0.627351 -4.09068e-05 5
77.581 0.613844 0.613836 7.74927e-06 5
77.6421 0.594968 0.594946 2.14278e-05 5
77.6908 0.579651 0.579592 5.88671e-05 5
77.7499 0.560779 0.560706 7.28934e-05 5
77.8326 0.533871 0.533865 5.90668e-06 5
77.8764 0.519384 0.519338 4.61392e-05 5
77.9132 0.507086 0.506999 8.78117e-05 5
77.9579 0.491998 0.491877 0.000120895 5
78.0386 0.464356 0.464293 6.35379e-05 5
78.1064 0.440745 0.440691 5.37822e-05 5
78.1739 0.416948 0.416902 4.6052e-05 5
78.2247 0.398807 0.398738 6.87567e-05 5
78.2742 0.380981 0.38089 9.0612e-05 5
78.3427 0.356047 0.355969 7.78911e-05 5
78.4325 0.322935 0.322926 8.98412e-06 5
78.5191 0.290578 0.290616 -3.80898e-05 5
78.5693 0.271687 0.271704 -1.69227e-05 5
78.6303 0.248528 0.248537 -8.94868e-06 5
78.7106 0.217788 0.217819 -3.14276e-05 5
78.7753 0.192893 0.19292 -2.73478e-05 5
78.8168 0.176805 0.176814 -9.35243e-06 5
78.8806 0.151993 0.151999 -6.54308e-06 5
78.9731 0.11583 0.115867 -3.69222e-05 5
79.0619 0.080901 0.0809541 -5.3134e-05 5
79.1363 0.0515395 0.0515924 -5.29573e-05 5
79.1883 0.030981 0.0310267 -4.57457e-05 5
79.2372 0.0116243 0.0116642 -3.99054e-05 5
79.2899 -0.0092534 -0.00921757 -3.58266e-05 5
79.3528 -0.0341956 -0.0341625 -3.3011e-05 5
79.4163 -0.0593703 -0.0593396 -3.07162e-05 5
79.4704 -0.0808282 -0.0807973 -3.09099e-05 5
79.5416 -0.109001 -0.108974 -2.62718e-05 5
79.6302 -0.143955 -0.143947 -7.94318e-06 5
79.6971 -0.170267 -0.17026 -6.68299e-06 5
79.7914 -0.207192 -0.20722 2.81161e-05 5
79.8666 -0.236468 -0.236505 3.63331e-05 5
79.9413 -0.265345 -0.26539 4.46393e-05 5
80.0364 -0.301815 -0.301911 9.61671e-05 5
80.1203 -0.333674 -0.333795 0.00012151 5
80.1797 -0.35601 -0.356112 0.000102652 5
80.2466 -0.380964 -0.38106 9.6049e-05 5
80.302 -0.401408 -0.40148 7.21496e-05 5
80.3762 -0.428524 -0.428609 8.48271e-05 5
80.4566 -0.457508 -0.457623 0.000115767 5
80.5444 -0.488658 -0.488831 0.000173212 5
80.6125 -0.512382 -0.512547 0.000164266 5
80.6835 -0.536775 -0.53694 0.000164788 5
80.7255 -0.550989 -0.551102 0.000113424 5
80.8185 -0.581954 -0.582166 0.000212227 5
80.874 -0.600026 -0.600197 0.000170638 5
80.9446 -0.622623 -0.622795 0.000171695 5
80.9832 -0.634775 -0.634886 0.000110778 5
81.0664 -0.660464 -0.660637 0.00017342 5
81.1335 -0.680636 -0.680799 0.000163142 5
81.2249 -0.707354 -0.707629 0.00027433 5
81.2865 -0.724832 -0.72507 0.000238331 5
81.3696 -0.74768 -0.747978 0.00029843 5
81.4139 -0.759538 -0.759761 0.000223681 5
81.4922 -0.779895 -0.780158 0.000262703 5
81.5422 -0.792477 -0.792672 0.000195433 5
81.614 -0.810002 -0.810208 0.000205785 5
81.6505 -0.818642 -0.818767 0.000124819 5
81.7356 -0.838117 -0.83834 0.0002226 5
81.8 -0.852184 -0.852382 0.000197988 5
81.8674 -0.86628 -0.866469 0.000188332 5
81.9508 -0.882845 -0.88312 0.000274598 5
81.9944 -0.891098 -0.891287 0.000188195 5
82.0405 -0.899506 -0.899615 0.000109286 5
82.123 -0.91379 -0.913991 0.000201464 5
82.2146 -0.928415 -0.928774 0.000358784 5
82.284 -0.938642 -0.938989 0.000347133 5
82.3375 -0.946005 -0.946277 0.000271644 5
82.3883 -0.952589 -0.952782 0.000193417 5
82.436 -0.958375 -0.958486 0.000111722 5
82.4739 -0.962718 -0.962739 2.01779e-05 5
82.5166 -0.967336 -0.967274 -6.20249e-05 5
82.5962 -0.975145 -0.975179 3.32919e-05 5
82.6692 -0.98138 -0.981452 7.24982e-05 5
82.7179 -0.985049 -0.985046 -2.29874e-06 5
82.7946 -0.990019 -0.990086 6.69705e-05 5
82.8869 -0.994685 -0.994952 0.000266319 5
82.9702 -0.997648 -0.99801 0.00036258 5
83.0495 -0.999363 -0.999781 0.000418297 5
83.1291 -0.999997 -1.00047 0.000471406 5
83.1835 -0.9998 -1.00019 0.000385616 5
83.2582 -0.998696 -0.999103 0.000407255 5
83.3035 -0.997557 -0.99786 0.00030351 5
83.3449 -0.996203 -0.996403 0.000199973 5
83.428 -0.992591 -0.992894 0.000302765 5
83.5155 -0.987488 -0.987922 0.000434121 5
83.5709 -0.983578 -0.983932 0.000354123 5
83.6298 -0.978837 -0.97913 0.000292795 5
83.7178 -0.970637 -0.971065 0.000428099 5
83.7623 -0.965986 -0.96631 0.0003233 5
83.8496 -0.955885 -0.956332 0.000446981 5
83.909 -0.948271 -0.948653 0.000381723 5
84.001 -0.935312 -0.935852 0.000539173 5
84.0959 -0.920464 -0.921168 0.000704147 5
84.1653 -0.908657 -0.909321 0.000664407 5
84.2438 -0.89436 -0.895041 0.000680655 5
84.3342 -0.876668 -0.87745 0.000782045 5
84.3771 -0.86783 -0.868494 0.000663482 5
84.4131 -0.860182 -0.860732 0.000550372 5
84.4584 -0.850273 -0.850721 0.00044769 5
84.5129 -0.837939 -0.838309 0.00037012 5
84.5508 -0.829089 -0.829362 0.000272662 5
84.6028 -0.816589 -0.81679 0.000201125 5
84.6409 -0.807178 -0.807291 0.000113362 5
84.7157 -0.788067 -0.788219 0.000151326 5
84.7805 -0.770888 -0.771021 0.0001336 5
84.8593 -0.749176 -0.749368 0.000191175 5
84.9305 -0.72881 -0.72901 0.000200021 5
84.9825 -0.7135 -0.713639 0.000139085 5
85.0446 -0.694764 -0.694876 0.000112793 5
85.0995 -0.677798 -0.677864 6.63946e-05 5
85.1698 -0.655467 -0.655547 7.98734e-05 5
85.2107 -0.642237 -0.64225 1.38947e-05 5
85.2748 -0.621061 -0.621067 5.59733e-06 5
85.3506 -0.595401 -0.595448 4.74418e-05 5
85.4384 -0.564838 -0.564986 0.000147647 5
85.4941 -0.545053 -0.545161 0.000107545 5
85.5893 -0.510489 -0.510724 0.000234451 5
85.64 -0.491675 -0.491858 0.000183214 5
85.6877 -0.473784 -0.473917 0.000132457 5
85.7314 -0.457223 -0.457305 8.20785e-05 5
85.7735 -0.441109 -0.441143 3.45877e-05 5
85.8446 -0.413531 -0.413577 4.65624e-05 5
85.8842 -0.397981 -0.397985 3.41976e-06 5
85.9252 -0.381783 -0.381747 -3.54525e-05 5
85.9697 -0.364024 -0.363956 -6.81735e-05 5
86.0518 -0.330901 -0.330885 -1.60589e-05 5
86.1472 -0.291889 -0.291961 7.26677e-05 5
86.1986 -0.270641 -0.270688 4.71152e-05 5
86.2807 -0.236379 -0.236455 7.64785e-05 5
86.3254 -0.217607 -0.217658 5.04131e-05 5
86.3953 -0.188072 -0.188124 5.17884e-05 5
86.4793 -0.15228 -0.152354 7.38824e-05 5
86.54 -0.126284 -0.126348 6.36044e-05 5
86.612 -0.0953285 -0.0953919 6.34012e-05 5
86.6749 -0.0681715 -0.0682282 5.66757e-05 5
86.7643 -0.0294456 -0.0295104 6.4773e-05 5
86.819 -0.00569086 -0.0057491 5.82396e-05 5
86.8572 0.0108651 0.0108112 5.38313e-05 5
86.9026 0.0306054 0.0305545 5.09117e-05 5
86.9835 0.0657025 0.0656595 4.30398e-05 5
87.0404 0.0904132 0.0903704 4.28507e-05 5
87.1203 0.124972 0.124942 2.97711e-05 5
87.2059 0.161914 0.161907 7.36703e-06 5
87.291 0.198414 0.198431 -1.7736e-05 5
87.3506 0.223863 0.223873 -9.55371e-06 5
87.4282 0.256753 0.25678 -2.73661e-05 5
87.4729 0.275602 0.275606 -3.39197e-06 5
87.5317 0.300235 0.300227 7.72502e-06 5
87.624 0.338547 0.33861 -6.25169e-05 5
87.6805 0.361707 0.361748 -4.10545e-05 5
87.7469 0.388722 0.388761 -3.87865e-05 5
87.7853 0.404194 0.404193 1.70548e-06 5
87.8768 0.44062 0.440709 -8.89634e-05 5
87.9469 0.468061 0.468155 -9.34504e-05 5
87.9903 0.484828 0.484873 -4.48883e-05 5
88.0303 0.500169 0.500164 5.20145e-06 5
88.0866 0.521451 0.52142 3.11362e-05 5
88.1293 0.537421 0.537342 7.90592e-05 5
88.1847 0.557869 0.557765 0.000103937 5
88.2271 0.573281 0.573129 0.000152156 5
88.2785 0.591716 0.591532 0.000184081 5
88.3678 0.62304 0.622995 4.44931e-05 5
88.4582 0.6538 0.653895 -9.44576e-05 5
88.5343 0.678902 0.679036 -0.000134668 5
88.5996 0.699834 0.699954 -0.000120813 5
88.6569 0.71775 0.717829 -7.84711e-05 5
88.7264 0.738872 0.738961 -8.90411e-05 5
88.8104 0.763478 0.763668 -0.000189803 5
88.8699 0.780266 0.780412 -0.000146959 5
88.9489 0.801738 0.801949 -0.00021167 5
89.0177 0.819665 0.819874 -0.000209478 5
89.0981 0.83965 0.839933 -0.000283163 5
89.1609 0.854523 0.854768 -0.000244967 5
89.2194 0.867781 0.867971 -0.00019044 5
89.2889 0.882772 0.882968 -0.000195318 5
89.3754 0.90025 0.900581 -0.00033039 5
89.4154 0.907899 0.90812 -0.000221246 5
89.4937 0.922005 0.922292 -0.000286929 5
89.5429 0.930314 0.930508 -0.000193793 5
89.5793 0.936166 0.936251 -8.50568e-05 5
89.6179 0.94211 0.942092 1.79622e-05 5
89.6976 0.953486 0.953573 -8.70507e-05 5
89.7364 0.958587 0.958568 1.80645e-05 5
89.8306 0.969764 0.970005 -0.000240064 5
89.8843 0.975378 0.975538 -0.000160174 5
89.9305 0.979743 0.979804 -6.10426e-05 5
89.9687 0.983039 0.982993 4.68696e-05 5
90.0427 0.988601 0.988618 -1.63466e-05 5
90.0956 0.991906 0.991852 5.42079e-05 5
90.1532 0.99487 0.994771 9.88629e-05 5
90.2336 0.997883 0.997911 -2.77985e-05 5
90.3019 0.999413 0.999454 -4.13478e-05 5
90.3529 0.999937 0.999897 3.93683e-05 5
90.4277 0.999746 0.999777 -3.15421e-05 5
90.4761 0.999013 0.998955 5.75384e-05 5
90.5563 0.996742 0.996807 -6.47757e-05 5
90.5924 0.995289 0.99524 4.85126e-05 5
90.6743 0.991006 0.991096 -8.94243e-05 5
90.7425 0.986392 0.98649 -9.74949e-05 5
90.8021 0.981586 0.981637 -5.15705e-05 5
90.867 0.975533 0.975573 -4.00681e-05 5
90.908 0.971261 0.971195 6.53172e-05 5
90.952 0.966304 0.966144 0.000159209 5
91.0437 0.954729 0.954823 -9.40735e-05 5
91.1073 0.94572 0.945791 -7.1456e-05 5
91.1848 0.933653 0.933806 -0.000152421 5
91.2669 0.919584 0.91985 -0.000266028 5
91.3345 0.907022 0.907276 -0.000254676 5
91.3943 0.895198 0.895399 -0.000200643 5
91.4896 0.87492 0.87536 -0.000439528 5
91.5576 0.859431 0.859847 -0.000415761 5
91.62 0.844484 0.844848 -0.00036378 5
91.699 0.824527 0.824948 -0.000420677 5
91.7698 0.805725 0.806139 -0.000414037 5
91.8303 0.788967 0.789323 -0.000355348 5
91.8672 0.778457 0.778706 -0.0002495 5
91.9481 0.754578 0.754902 -0.000324526 5
92.0108 0.73534 0.735623 -0.000283348 5
92.0857 0.711559 0.711868 -0.000309412 5
92.1235 0.699214 0.699428 -0.00021416 5
92.2079 0.670897 0.671205 -0.000307418 5
92.2671 0.650387 0.650643 -0.00025665 5
92.3372 0.625475 0.62573 -0.000254831 5
92.3766 0.611204 0.611376 -0.000172057 5
92.4146 0.597194 0.597288 -9.40577e-05 5
92.4971 0.566185 0.566356 -0.000171483 5
92.5806 0.533909 0.534152 -0.00024299 5
92.6188 0.518875 0.519046 -0.000170233 5
92.6872 0.491542 0.491707 -0.000165208 5
92.743 0.468869 0.468993 -0.000123633 5
92.8047 0.443369 0.44347 -0.000101122 5
92.842 0.42781 0.427855 -4.46388e-05 5
92.9028 0.402114 0.402141 -2.67103e-05 5
92.9726 0.372215 0.372251 -3.59937e-05 5
93.0655 0.331767 0.331899 -0.000132304 5
93.1539 0.29268 0.292869 -0.000189112 5
93.2052 0.269747 0.2699 -0.000153004 5
93.2842 0.234083 0.234251 -0.00016865 5
93.3442 0.20678 0.206927 -0.000147074 5
93.4192 0.172393 0.172542 -0.000149018 5
93.4977 0.136189 0.136342 -0.000153234 5
93.5897 0.0934513 0.0936226 -0.000171315 5
93.631 0.0741584 0.07431 -0.000151614 5
93.6925 0.0454163 0.0455543 -0.000137969 5
93.7593 0.014138 0.0142651 -0.000127072 5
93.8252 -0.0167516 -0.0166347 -0.000116911 5
93.8875 -0.045989 -0.0458806 -0.000108433 5
93.9392 -0.0702301 -0.070125 -0.000105039 5
94.0318 -0.113551 -0.113477 -7.35593e-05 5
94.073 -0.132776 -0.132694 -8.20722e-05 5
94.1265 -0.157695 -0.157609 -8.62797e-05 5
94.2075 -0.19521 -0.195154 -5.65765e-05 5
94.2719 -0.224897 -0.224843 -5.43094e-05 5
94.3596 -0.264962 -0.264961 -7.65361e-07 5
94.4438 -0.303101 -0.303146 4.49987e-05 5
94.5103 -0.332883 -0.332925 4.24958e-05 5
94.5844 -0.36571 -0.365772 6.10403e-05 5
94.6563 -0.397117 -0.397189 7.28064e-05 5
94.725 -0.42675 -0.426825 7.49621e-05 5
94.7714 -0.446563 -0.44659 2.76947e-05 5
94.863 -0.484976 -0.485119 0.000142836 5
94.9575 -0.523681 -0.523956 0.000274244 5
95.0052 -0.542857 -0.543064 0.000207206 5
95.0616 -0.565166 -0.565326 0.000159988 5
95.1299 -0.59164 -0.591796 0.000156597 5
95.1745 -0.608633 -0.608717 8.46593e-05 5
95.2233 -0.626893 -0.626915 2.20131e-05 5
95.3069 -0.657396 -0.65752 0.000124352 5
95.3946 -0.688321 -0.688574 0.000253807 5
95.4674 -0.713093 -0.713363 0.000270119 5
95.5299 -0.733716 -0.733948 0.000232191 5
95.6001 -0.756067 -0.756304 0.000236691 5
95.6688 -0.777178 -0.777411 0.000233448 5
95.7368 -0.79722 -0.797446 0.00022591 5
95.8324 -0.824018 -0.824477 0.000459447 5
95.8719 -0.834608 -0.834947 0.000338706 5
95.9097 -0.844455 -0.844676 0.000221227 5
95.9717 -0.859996 -0.860176 0.00018023 5
96.0269 -0.873228 -0.873338 0.000109424 5
96.1213 -0.894419 -0.894786 0.000367567 5
96.1885 -0.908387 -0.908733 0.000345587 5
96.2613 -0.922471 -0.922839 0.000367138 5
96.3406 -0.936544 -0.936989 0.000445162 5
96.4362 -0.951694 -0.952395 0.000701784 5
96.5006 -0.960775 -0.961411 0.000635778 5
96.5683 -0.969313 -0.969909 0.00059594 5
96.6343 -0.976665 -0.977214 0.000548864 5
96.6769 -0.980874 -0.981281 0.000406786 5
96.7203 -0.984746 -0.985019 0.000273035 5
96.7591 -0.987836 -0.987975 0.000138634 5
96.8121 -0.991501 -0.991551 5.01773e-05 5
96.8512 -0.993782 -0.993707 -7.45342e-05 5
96.8884 -0.995629 -0.995433 -0.000196004 5
96.9532 -0.998069 -0.99788 -0.000189954 5
97.0126 -0.999444 -0.999222 -0.000222187 5
97.0821 -1 -0.999825 -0.000174735 5
97.1555 -0.99935 -0.999255 -9.49092e-05 5
97.2277 -0.997471 -0.997437 -3.37189e-05 5
97.2848 -0.995115 -0.995023 -9.15493e-05 5
97.3499 -0.991487 -0.991396 -9.10182e-05 5
97.3989 -0.9881 -0.987916 -0.000183628 5
97.4825 -0.981014 -0.981022 7.89592e-06 5
97.5218 -0.977124 -0.977008 -0.000115032 5
97.6036 -0.967866 -0.967913 4.61348e-05 5
97.6591 -0.96069 -0.960666 -2.38843e-05 5
97.698 -0.955248 -0.955104 -0.000143788 5
97.7833 -0.942089 -0.942148 5.88463e-05 5
97.8407 -0.93231 -0.932309 -1.06824e-06 5
97.9055 -0.920372 -0.920363 -9.58463e-06 5
97.9501 -0.911619 -0.911505 -0.000114613 5
98.0058 -0.900053 -0.899884 -0.000169389 5
98.1018 -0.878564 -0.878725 0.000160453 5
98.1831 -0.858798 -0.859075 0.000276711 5
98.2222 -0.848805 -0.848959 0.000154426 5
98.3178 -0.823059 -0.823484 0.000424771 5
98.3676 -0.808906 -0.809225 0.000318723 5
98.4383 -0.787963 -0.788287 0.000324069 5
98.5039 -0.767659 -0.767955 0.00029597 5
98.5603 -0.749576 -0.749801 0.000225029 5
98.6384 -0.72352 -0.72381 0.000290079 5
98.7068 -0.699814 -0.700094 0.000280537 5
98.7802 -0.673481 -0.673783 0.000301672 5
98.8614 -0.643298 -0.643671 0.000372883 5
98.9311 -0.616548 -0.61691 0.000361431 5
98.9732 -0.599998 -0.600265 0.000266815 5
99.0178 -0.582195 -0.582377 0.000181995 5
99.061 -0.56468 -0.564782 0.00010186 5
99.1406 -0.531711 -0.531877 0.0001665 5
99.2213 -0.497358 -0.497586 0.0002279 5
99.2856 -0.469452 -0.469656 0.000203244 5
99.3343 -0.447967 -0.44811 0.00014234 5
99.4281 -0.405831 -0.406099 0.000268526 5
99.4799 -0.382123 -0.382338 0.0002148 5
99.5319 -0.358113 -0.35828 0.000166685 5
99.6114 -0.320866 -0.321064 0.000197955 5
99.6829 -0.286959 -0.287155 0.000196171 5
99.7377 -0.260677 -0.260838 0.000161258 5
99.8065 -0.227367 -0.227521 0.000154127 5
99.8994 -0.182017 -0.182222 0.000205387 5
99.983 -0.14078 -0.140997 0.000217186 5
